# Dimensions S W H X
5	4	3	4
# Weights rho_s
0.3232323	0.1616162	0.1590909	0.2651515	0.0909091
# Rationality values beta_s
33.9785229	33.9785229	33.9785229	33.9785229	33.9785229
# Minimum percentage alpha_w
0.0	0.0	0.0	0.0
# Energy consumption E_swh
199.8449718	0	80	199.8449718	0	80	160.4256236	39.4193482	80	160.4256236	39.4193482	80
210.7570954	0	80	210.7570954	0	80	159.0364631	51.7206322	80	159.0364631	51.7206322	80
1079.7821479	0	80	1079.7821479	0	80	827.6010776	252.1810703	80	827.6010776	252.1810703	80
715.7780771	0	80	715.7780771	0	80	314.8903753	400.8877017	80	314.8903753	400.8877017	80
194.2358856	0	80	194.2358856	0	80	156.3785488	37.8573367	80	156.3785488	37.8573367	80
# Cost C_sw
82.2636057	94.0191923	82.2636057	94.0191923
86.1145554	98.5120316	86.1145554	98.5120316
576.3371263	639.8537233	576.3371263	639.8537233
349.4837698	391.5883626	349.4837698	391.5883626
54.3001335	65.7257738	54.3001335	65.7257738
# Reservation price R_sw
126.5025138	130.5028132	126.5025138	130.5028132
125.4561148	142.3302825	125.4561148	142.3302825
574.2427337	606.6412981	574.2427337	606.6412981
361.8852176	404.6148172	361.8852176	404.6148172
122.9229872	132.4272749	122.9229872	132.4272749
# Description polytope X: format w (0 if eq 1 if geq) coeff_wh 
2	1	0.04705882352941181	1	-1.1	0
2	1	-0.23529411764705885	-0.5	1	0
3	1	0.04705882352941181	1	-1.1	0
3	1	-0.23529411764705885	-0.5	1	0